-1
-1 
   25
    5
    4
    3
    2
    1
    0
    24
    23
    22
    21
    3
    2
    1
    24
    24
    24
    24
    24
    -1
    233
    233
    233
    -1
    0
    -1
    500
    -1
    423
    312
    23
    234
    234
    22
    2
    32
    -1
    423
    234
    2434
    525
    23
    4343
    234
    22
    312
    2
    32
    -1
    3
    432
    423
    2423
    423
    423
    -1
    3
    7324
    2352
    23
    432
    432
    432
    32
    324
    23
    2
    22
    2
    2
    -1
    389
    207
    155
    300
    299
    170
    158
    65
    -1
    23
    34
    21
    -1
    32767
    32764
    32760
    32000
    1
    -1
2
2
2
2
1
-1
1
3
3
2
2
1
-1

432
423
2423
423
423
-1
1
-1
1
2
-1
2
1
-1
8
7
6
5
4
3
2
1
-1
389
207
155
300
299
170
158
65
-1
23
34
21
-1
-1

http://acm.uva.es/board/viewtopic.php?f=2&t=7855&p=33444&hilit=231&sid=ae063847adc7dec8cc8b0caf57a8c1a9#p33444
