100

41
19042.000000 27118.000000
16767.000000 30227.000000
24982.000000 28896.000000
17732.000000 587.000000
12380.000000 6480.000000
14958.000000 162.000000
13965.000000 19352.000000
20390.000000 22202.000000
11707.000000 20739.000000
27847.000000 10819.000000
26658.000000 30903.000000
6040.000000 8622.000000
9190.000000 28697.000000
34578.000000 13140.000000
12243.000000 1175.000000
5052.000000 1851.000000
30927.000000 9563.000000
25143.000000 24317.000000
8944.000000 15834.000000
33318.000000 4181.000000
14812.000000 20559.000000
12291.000000 7825.000000
27848.000000 33233.000000
11826.000000 22057.000000
4166.000000 16696.000000
31536.000000 30390.000000
11200.000000 3327.000000
22842.000000 29613.000000
19642.000000 6692.000000
16036.000000 17285.000000
14122.000000 19357.000000
26917.000000 15704.000000
14538.000000 1696.000000
22993.000000 4433.000000
31828.000000 11835.000000
14810.000000 10865.000000
11837.000000 10539.000000
19171.000000 25833.000000
14522.000000 29197.000000
34296.000000 2216.000000
8870.000000 21232.000000
83
27962.000000 4387.000000
13094.000000 9729.000000
6779.000000 28096.000000
21893.000000 8433.000000
234.000000 27319.000000
7244.000000 18142.000000
5081.000000 25373.000000
18027.000000 14523.000000
23677.000000 14554.000000
20521.000000 20769.000000
19387.000000 23775.000000
7224.000000 6895.000000
17961.000000 3855.000000
4396.000000 30574.000000
30177.000000 8260.000000
14059.000000 21218.000000
16187.000000 20259.000000
30477.000000 21234.000000
19655.000000 6817.000000
20886.000000 8157.000000
21895.000000 19527.000000
16441.000000 24918.000000
22386.000000 26519.000000
21459.000000 30518.000000
23972.000000 22913.000000
12017.000000 10204.000000
6145.000000 28678.000000
6048.000000 2680.000000
23445.000000 18334.000000
14290.000000 15784.000000
5964.000000 24513.000000
29944.000000 29383.000000
12644.000000 4238.000000
27283.000000 20986.000000
4976.000000 21765.000000
4938.000000 7747.000000
31786.000000 21839.000000
17268.000000 17117.000000
17826.000000 23111.000000
21043.000000 941.000000
5153.000000 28805.000000
25968.000000 13285.000000
19177.000000 31982.000000
6900.000000 5098.000000
33008.000000 1260.000000
3736.000000 5208.000000
30099.000000 24548.000000
857.000000 23848.000000
7325.000000 6194.000000
12124.000000 12742.000000
28695.000000 17898.000000
28836.000000 5411.000000
13941.000000 5377.000000
3442.000000 19106.000000
18629.000000 10318.000000
26878.000000 10147.000000
31686.000000 25022.000000
14384.000000 8399.000000
8261.000000 18813.000000
2005.000000 17643.000000
3872.000000 29459.000000
5174.000000 30611.000000
1717.000000 11989.000000
14350.000000 31887.000000
20013.000000 23145.000000
8504.000000 18231.000000
13782.000000 19456.000000
25228.000000 15210.000000
3038.000000 20541.000000
19320.000000 7689.000000
1384.000000 3392.000000
28212.000000 27275.000000
25049.000000 18095.000000
6731.000000 24673.000000
3605.000000 21865.000000
4444.000000 31122.000000
9442.000000 32825.000000
12323.000000 12777.000000
7628.000000 8433.000000
29882.000000 30043.000000
4954.000000 6658.000000
28015.000000 7384.000000
2359.000000 4164.000000
95
32639.000000 8460.000000
8573.000000 21261.000000
31353.000000 26229.000000
24228.000000 15897.000000
22212.000000 21453.000000
16638.000000 18324.000000
18338.000000 13377.000000
3568.000000 6513.000000
14519.000000 2532.000000
7027.000000 15525.000000
24164.000000 22847.000000
29148.000000 7543.000000
29870.000000 32551.000000
31061.000000 15148.000000
23363.000000 9632.000000
16024.000000 24040.000000
30533.000000 13977.000000
11268.000000 19069.000000
26261.000000 24910.000000
5161.000000 9651.000000
30950.000000 17077.000000
30338.000000 17664.000000
16417.000000 3047.000000
2565.000000 11959.000000
23273.000000 13009.000000
24301.000000 7244.000000
22125.000000 17928.000000
18017.000000 32424.000000
33951.000000 18116.000000
23809.000000 12786.000000
27039.000000 2321.000000
26337.000000 11060.000000
1610.000000 17281.000000
26049.000000 12352.000000
32733.000000 32734.000000
21015.000000 12996.000000
9392.000000 20485.000000
702.000000 15838.000000
31892.000000 24477.000000
29095.000000 19718.000000
4951.000000 15769.000000
21009.000000 27451.000000
11288.000000 9120.000000
9901.000000 13100.000000
5990.000000 21552.000000
7592.000000 30380.000000
32214.000000 30383.000000
33768.000000 29838.000000
7914.000000 8947.000000
26339.000000 6355.000000
16001.000000 27332.000000
4999.000000 19285.000000
25541.000000 24898.000000
2432.000000 22847.000000
3182.000000 23057.000000
19345.000000 25787.000000
21603.000000 7730.000000
9300.000000 25365.000000
1566.000000 12102.000000
12481.000000 13743.000000
19947.000000 11770.000000
30307.000000 18735.000000
16036.000000 14897.000000
16204.000000 19289.000000
28082.000000 28179.000000
30244.000000 25347.000000
27684.000000 30727.000000
18414.000000 3901.000000
28243.000000 5565.000000
23847.000000 2182.000000
14674.000000 26625.000000
4825.000000 11361.000000
33989.000000 2724.000000
22174.000000 946.000000
14791.000000 25644.000000
27479.000000 21364.000000
33606.000000 7355.000000
26649.000000 16390.000000
6291.000000 24925.000000
17074.000000 33545.000000
22875.000000 31728.000000
11185.000000 10094.000000
24076.000000 18433.000000
33191.000000 25730.000000
16985.000000 25474.000000
8580.000000 30437.000000
31598.000000 16511.000000
31942.000000 6260.000000
8828.000000 31498.000000
3265.000000 1719.000000
19170.000000 3063.000000
5976.000000 1832.000000
22624.000000 11043.000000
14725.000000 7979.000000
6936.000000 17482.000000
56
1159.000000 12452.000000
29293.000000 29880.000000
22850.000000 24829.000000
32748.000000 12021.000000
32089.000000 15016.000000
30757.000000 1722.000000
30875.000000 5625.000000
5591.000000 4531.000000
21064.000000 24938.000000
22834.000000 26903.000000
34986.000000 6878.000000
13261.000000 19243.000000
32027.000000 12829.000000
4549.000000 2330.000000
27561.000000 532.000000
16358.000000 15640.000000
25265.000000 18428.000000
32874.000000 28145.000000
17967.000000 25283.000000
11090.000000 26162.000000
18267.000000 17945.000000
23144.000000 24561.000000
32564.000000 26435.000000
14376.000000 2412.000000
2317.000000 25010.000000
5242.000000 22008.000000
13411.000000 26614.000000
34061.000000 10180.000000
28886.000000 3460.000000
7420.000000 10511.000000
26805.000000 26932.000000
30185.000000 9045.000000
10036.000000 29604.000000
29495.000000 1523.000000
7081.000000 14916.000000
31164.000000 18865.000000
19300.000000 33769.000000
30925.000000 5201.000000
9827.000000 32691.000000
23573.000000 21995.000000
26551.000000 4843.000000
14225.000000 30936.000000
3358.000000 14716.000000
8737.000000 6102.000000
17162.000000 25680.000000
7090.000000 25510.000000
20640.000000 28268.000000
20613.000000 29169.000000
9883.000000 12545.000000
2818.000000 13163.000000
13325.000000 7595.000000
6628.000000 29762.000000
9168.000000 19011.000000
13931.000000 28462.000000
9631.000000 22929.000000
33226.000000 26274.000000
16
24634.000000 16946.000000
2458.000000 11893.000000
17434.000000 2321.000000
2824.000000 32282.000000
23938.000000 27629.000000
20354.000000 28149.000000
25562.000000 978.000000
21731.000000 12599.000000
11241.000000 29418.000000
31664.000000 17479.000000
34500.000000 15072.000000
12704.000000 16927.000000
2404.000000 8626.000000
31035.000000 20566.000000
3717.000000 10531.000000
5228.000000 10796.000000
68
19925.000000 9744.000000
29396.000000 10644.000000
29084.000000 6721.000000
30884.000000 1994.000000
3785.000000 8598.000000
4494.000000 17230.000000
1852.000000 11359.000000
18354.000000 14486.000000
20565.000000 16013.000000
32805.000000 28197.000000
28034.000000 28846.000000
31572.000000 31669.000000
6490.000000 15680.000000
998.000000 15813.000000
4503.000000 7837.000000
28444.000000 21892.000000
28350.000000 27850.000000
16411.000000 2513.000000
13802.000000 13618.000000
10304.000000 24550.000000
3473.000000 12611.000000
7884.000000 4349.000000
8381.000000 8769.000000
12975.000000 22707.000000
33371.000000 3608.000000
20666.000000 29407.000000
31032.000000 13303.000000
23361.000000 10223.000000
34350.000000 19777.000000
4913.000000 20192.000000
12327.000000 16408.000000
33067.000000 32447.000000
17530.000000 29937.000000
12298.000000 19058.000000
11912.000000 9739.000000
32441.000000 27130.000000
23305.000000 25196.000000
26209.000000 11238.000000
15930.000000 28118.000000
19512.000000 19455.000000
23047.000000 25818.000000
6438.000000 25792.000000
14489.000000 16874.000000
2966.000000 32714.000000
20380.000000 13052.000000
29187.000000 8232.000000
4627.000000 5723.000000
8109.000000 26469.000000
3524.000000 4701.000000
18965.000000 20831.000000
17127.000000 10998.000000
11325.000000 29213.000000
28699.000000 27119.000000
22650.000000 20115.000000
9280.000000 7630.000000
8593.000000 14170.000000
11609.000000 13202.000000
6923.000000 20184.000000
13827.000000 32218.000000
30385.000000 31947.000000
7449.000000 12209.000000
10190.000000 3376.000000
25756.000000 22880.000000
1652.000000 20800.000000
11327.000000 25397.000000
32363.000000 20176.000000
26144.000000 18508.000000
15889.000000 3775.000000
99
23296.000000 5779.000000
8761.000000 25061.000000
16001.000000 31586.000000
21396.000000 19733.000000
14592.000000 14245.000000
29794.000000 9279.000000
20340.000000 21943.000000
33075.000000 7020.000000
13015.000000 26494.000000
4623.000000 9406.000000
29550.000000 10416.000000
19900.000000 33064.000000
13321.000000 13224.000000
29766.000000 13895.000000
17929.000000 20753.000000
3191.000000 6905.000000
11801.000000 20966.000000
4429.000000 4976.000000
28339.000000 32817.000000
5063.000000 8677.000000
21177.000000 4547.000000
14797.000000 17330.000000
11341.000000 10616.000000
27565.000000 13201.000000
25918.000000 3081.000000
27199.000000 21279.000000
15846.000000 13807.000000
13963.000000 7842.000000
6072.000000 6260.000000
7261.000000 11055.000000
19316.000000 26988.000000
30450.000000 16290.000000
23652.000000 30986.000000
12264.000000 27522.000000
26073.000000 8857.000000
33786.000000 17702.000000
11137.000000 16195.000000
27293.000000 9666.000000
22612.000000 14288.000000
32169.000000 1136.000000
15739.000000 6256.000000
15884.000000 18153.000000
28240.000000 17287.000000
7773.000000 17874.000000
2796.000000 6682.000000
9388.000000 20227.000000
11671.000000 26732.000000
32937.000000 8597.000000
4720.000000 5803.000000
14626.000000 12853.000000
25074.000000 12912.000000
22901.000000 16378.000000
28646.000000 24969.000000
28789.000000 9501.000000
4488.000000 25387.000000
9882.000000 10688.000000
29629.000000 13385.000000
30491.000000 25886.000000
17070.000000 14871.000000
26882.000000 11591.000000
23833.000000 28324.000000
24460.000000 4374.000000
19804.000000 17696.000000
3436.000000 2546.000000
5130.000000 27427.000000
11747.000000 30160.000000
11425.000000 15742.000000
12857.000000 27124.000000
4676.000000 18275.000000
19517.000000 24194.000000
17525.000000 18370.000000
30943.000000 4551.000000
4517.000000 18742.000000
14653.000000 24880.000000
13101.000000 19599.000000
22371.000000 16697.000000
6113.000000 3622.000000
8029.000000 14191.000000
14903.000000 18732.000000
27081.000000 30602.000000
6500.000000 1347.000000
18756.000000 656.000000
30786.000000 5017.000000
20267.000000 21625.000000
16166.000000 3603.000000
17582.000000 11422.000000
9080.000000 18431.000000
16642.000000 22590.000000
20324.000000 30348.000000
22223.000000 8223.000000
5396.000000 27598.000000
16814.000000 14389.000000
5725.000000 13007.000000
19906.000000 13700.000000
21777.000000 27554.000000
4310.000000 12123.000000
29169.000000 9571.000000
6095.000000 25245.000000
9665.000000 18087.000000
40
9335.000000 23593.000000
21246.000000 11803.000000
11424.000000 5729.000000
11921.000000 8015.000000
22726.000000 19383.000000
24341.000000 23422.000000
24833.000000 4901.000000
14041.000000 28940.000000
16316.000000 22597.000000
13160.000000 25066.000000
1650.000000 24810.000000
28506.000000 24030.000000
18858.000000 3746.000000
5159.000000 6033.000000
24178.000000 29904.000000
19450.000000 3934.000000
26944.000000 16214.000000
28078.000000 11930.000000
33831.000000 31296.000000
22366.000000 5751.000000
16918.000000 2287.000000
24623.000000 21533.000000
9859.000000 33385.000000
30902.000000 30139.000000
22327.000000 24115.000000
25234.000000 13911.000000
25959.000000 29100.000000
14733.000000 16470.000000
26686.000000 11617.000000
14040.000000 2770.000000
32803.000000 13112.000000
14889.000000 9316.000000
8150.000000 21972.000000
30139.000000 13735.000000
33803.000000 11961.000000
21622.000000 30022.000000
8045.000000 18177.000000
18655.000000 17225.000000
34462.000000 23274.000000
4187.000000 15920.000000
8
13001.000000 33489.000000
1351.000000 23300.000000
25390.000000 5339.000000
22052.000000 32056.000000
32298.000000 21533.000000
19299.000000 30051.000000
9138.000000 21370.000000
24520.000000 15736.000000
30
23397.000000 27526.000000
34408.000000 10417.000000
7603.000000 31946.000000
8827.000000 28837.000000
9507.000000 25096.000000
13941.000000 21661.000000
26317.000000 13318.000000
33989.000000 11191.000000
22628.000000 16766.000000
9105.000000 2283.000000
15412.000000 22089.000000
11154.000000 21445.000000
4108.000000 17031.000000
23398.000000 12698.000000
31784.000000 14991.000000
18034.000000 26774.000000
25855.000000 1893.000000
33740.000000 21845.000000
32026.000000 30503.000000
17889.000000 25233.000000
25215.000000 11924.000000
29200.000000 14480.000000
3493.000000 21313.000000
11445.000000 16685.000000
19449.000000 23838.000000
13974.000000 29752.000000
20911.000000 27137.000000
27966.000000 3331.000000
34246.000000 16554.000000
19298.000000 28550.000000
25
28066.000000 10963.000000
24319.000000 29910.000000
26589.000000 32172.000000
21193.000000 8941.000000
26735.000000 9776.000000
32400.000000 8315.000000
10394.000000 9030.000000
27111.000000 19155.000000
12889.000000 26738.000000
10294.000000 25402.000000
19932.000000 12193.000000
4560.000000 1231.000000
10534.000000 17578.000000
26053.000000 19968.000000
23755.000000 19122.000000
9701.000000 26356.000000
19899.000000 15710.000000
17452.000000 18406.000000
18759.000000 24447.000000
20545.000000 32129.000000
2526.000000 16486.000000
33273.000000 26357.000000
27209.000000 27809.000000
35257.000000 11235.000000
6397.000000 32691.000000
30
3229.000000 13504.000000
26461.000000 20480.000000
21172.000000 6989.000000
7177.000000 10727.000000
29686.000000 28473.000000
17348.000000 2396.000000
11397.000000 7946.000000
10005.000000 29079.000000
30332.000000 19346.000000
16646.000000 27836.000000
33167.000000 2936.000000
21471.000000 20057.000000
19865.000000 26250.000000
29244.000000 31778.000000
14722.000000 11751.000000
11019.000000 26137.000000
4651.000000 13629.000000
16693.000000 19248.000000
20446.000000 13115.000000
31361.000000 27454.000000
33365.000000 7124.000000
19352.000000 27807.000000
24473.000000 13921.000000
33790.000000 8924.000000
24215.000000 31745.000000
10409.000000 7565.000000
6009.000000 24391.000000
20098.000000 33707.000000
21131.000000 17257.000000
29942.000000 18329.000000
75
33016.000000 3409.000000
29135.000000 25047.000000
10748.000000 2851.000000
890.000000 19617.000000
12930.000000 4634.000000
13887.000000 31245.000000
21092.000000 19410.000000
11235.000000 21230.000000
23820.000000 16911.000000
7002.000000 16473.000000
29131.000000 2498.000000
13703.000000 31427.000000
20264.000000 13905.000000
17438.000000 28652.000000
27634.000000 7529.000000
15600.000000 12006.000000
30991.000000 31700.000000
27761.000000 25248.000000
1600.000000 18891.000000
5287.000000 24315.000000
12911.000000 30864.000000
32873.000000 19677.000000
23580.000000 32918.000000
32612.000000 16265.000000
23888.000000 11130.000000
7241.000000 5725.000000
12386.000000 18258.000000
387.000000 9943.000000
2306.000000 3472.000000
27033.000000 13043.000000
27998.000000 30555.000000
21853.000000 20763.000000
26230.000000 18839.000000
13938.000000 26285.000000
33264.000000 3689.000000
3639.000000 14642.000000
21477.000000 11687.000000
24106.000000 5715.000000
7080.000000 2937.000000
27057.000000 27982.000000
14820.000000 21089.000000
9853.000000 8246.000000
3987.000000 11971.000000
17447.000000 19155.000000
5897.000000 5317.000000
7318.000000 9322.000000
29042.000000 20078.000000
24191.000000 26529.000000
2953.000000 17832.000000
14333.000000 22896.000000
13998.000000 12105.000000
6233.000000 19953.000000
7955.000000 1693.000000
20215.000000 21622.000000
19860.000000 19734.000000
10815.000000 21791.000000
28499.000000 8892.000000
17679.000000 25117.000000
25392.000000 9958.000000
21551.000000 30285.000000
9298.000000 18012.000000
2833.000000 23327.000000
25411.000000 7175.000000
18005.000000 5283.000000
13895.000000 27781.000000
13915.000000 24622.000000
12923.000000 12321.000000
11439.000000 18871.000000
16144.000000 7914.000000
6166.000000 15101.000000
29757.000000 23481.000000
23960.000000 15951.000000
16377.000000 13806.000000
15684.000000 10911.000000
20606.000000 25852.000000
98
24996.000000 16602.000000
24540.000000 25211.000000
19283.000000 13333.000000
7193.000000 2844.000000
12120.000000 2773.000000
16571.000000 25957.000000
23915.000000 14020.000000
30348.000000 10909.000000
2664.000000 17238.000000
20485.000000 30553.000000
8738.000000 30404.000000
20354.000000 21163.000000
27307.000000 19398.000000
25035.000000 4651.000000
1197.000000 13211.000000
7789.000000 1616.000000
27594.000000 12483.000000
19953.000000 26301.000000
9605.000000 11696.000000
16757.000000 15498.000000
19777.000000 15534.000000
7863.000000 26456.000000
14213.000000 7157.000000
17232.000000 879.000000
8423.000000 33280.000000
28114.000000 18868.000000
23799.000000 20227.000000
23358.000000 29097.000000
16208.000000 29188.000000
4857.000000 11837.000000
30993.000000 15207.000000
1104.000000 18846.000000
27311.000000 26405.000000
9184.000000 8726.000000
27167.000000 2077.000000
32107.000000 955.000000
23168.000000 14209.000000
5923.000000 12728.000000
29249.000000 7424.000000
27694.000000 24840.000000
15235.000000 17250.000000
11525.000000 29505.000000
29073.000000 14716.000000
20811.000000 32192.000000
18182.000000 1999.000000
16606.000000 9581.000000
20201.000000 31430.000000
14110.000000 21343.000000
26055.000000 11519.000000
3821.000000 11651.000000
12810.000000 30385.000000
15680.000000 24543.000000
12287.000000 5331.000000
4469.000000 13900.000000
27737.000000 16859.000000
6297.000000 7009.000000
33945.000000 29058.000000
18054.000000 14956.000000
4127.000000 1641.000000
7923.000000 8042.000000
29179.000000 18352.000000
27188.000000 2701.000000
7967.000000 5783.000000
30096.000000 8370.000000
4884.000000 4484.000000
33331.000000 27737.000000
26532.000000 28364.000000
1409.000000 7834.000000
24788.000000 14459.000000
27006.000000 11533.000000
22012.000000 20590.000000
10807.000000 19586.000000
18797.000000 15516.000000
23544.000000 6990.000000
17894.000000 21623.000000
33519.000000 15636.000000
27277.000000 12903.000000
530.000000 10807.000000
12580.000000 30152.000000
17459.000000 26758.000000
28261.000000 22931.000000
10996.000000 32727.000000
12151.000000 8097.000000
17267.000000 18275.000000
8959.000000 14301.000000
4692.000000 32638.000000
12493.000000 18542.000000
18552.000000 18497.000000
13407.000000 2708.000000
9796.000000 22574.000000
23131.000000 27549.000000
27269.000000 32570.000000
8425.000000 32351.000000
10779.000000 7003.000000
7652.000000 14618.000000
28006.000000 9179.000000
8730.000000 7327.000000
28838.000000 18225.000000
46
30004.000000 22626.000000
23234.000000 4271.000000
17200.000000 2349.000000
29742.000000 2667.000000
17681.000000 7250.000000
4148.000000 16618.000000
21616.000000 16201.000000
5475.000000 30733.000000
14197.000000 12359.000000
23210.000000 26864.000000
31959.000000 24970.000000
8304.000000 15071.000000
10574.000000 8916.000000
14387.000000 29177.000000
10972.000000 26043.000000
26211.000000 33016.000000
31389.000000 6326.000000
8509.000000 24851.000000
21983.000000 1075.000000
20416.000000 14444.000000
21584.000000 13857.000000
5170.000000 8036.000000
2511.000000 6364.000000
29637.000000 25578.000000
1364.000000 28474.000000
5503.000000 23347.000000
5549.000000 30682.000000
18165.000000 25342.000000
24490.000000 14240.000000
27072.000000 18410.000000
29774.000000 9546.000000
21834.000000 21278.000000
26363.000000 32849.000000
2586.000000 27253.000000
25506.000000 13896.000000
19920.000000 17220.000000
11688.000000 24297.000000
12258.000000 33423.000000
7895.000000 10678.000000
6646.000000 8536.000000
18727.000000 31502.000000
24641.000000 14910.000000
12251.000000 6073.000000
15005.000000 31282.000000
26958.000000 20074.000000
15778.000000 3868.000000
27
23018.000000 33221.000000
22197.000000 23455.000000
12210.000000 32754.000000
28614.000000 15979.000000
23106.000000 21874.000000
30713.000000 29388.000000
30398.000000 2238.000000
30051.000000 25213.000000
19154.000000 22121.000000
10304.000000 31938.000000
18412.000000 27224.000000
28960.000000 4012.000000
3727.000000 32298.000000
26017.000000 4823.000000
26089.000000 17402.000000
11004.000000 12851.000000
28084.000000 5449.000000
11688.000000 12690.000000
23446.000000 33514.000000
25758.000000 8375.000000
5569.000000 11574.000000
29109.000000 20324.000000
4931.000000 26787.000000
25836.000000 13053.000000
21421.000000 16186.000000
11835.000000 27415.000000
7304.000000 11768.000000
51
3836.000000 18350.000000
27399.000000 3232.000000
23536.000000 29345.000000
30006.000000 4132.000000
7264.000000 30627.000000
17319.000000 11405.000000
28793.000000 21786.000000
19172.000000 10883.000000
17531.000000 12665.000000
13990.000000 27083.000000
4761.000000 25126.000000
24584.000000 27463.000000
6428.000000 26639.000000
2435.000000 23814.000000
31056.000000 11326.000000
27750.000000 20909.000000
19148.000000 3313.000000
26928.000000 29111.000000
3017.000000 15163.000000
29214.000000 14074.000000
22361.000000 30084.000000
18218.000000 20338.000000
7054.000000 25893.000000
12811.000000 32246.000000
20395.000000 6913.000000
5034.000000 5570.000000
25733.000000 1509.000000
11203.000000 30743.000000
7570.000000 31617.000000
12798.000000 13551.000000
27144.000000 26778.000000
25446.000000 11715.000000
6922.000000 25152.000000
10011.000000 18118.000000
24483.000000 880.000000
16055.000000 11987.000000
22546.000000 11193.000000
33357.000000 18005.000000
28382.000000 23761.000000
13226.000000 26425.000000
6823.000000 10963.000000
32811.000000 31034.000000
29040.000000 17179.000000
18526.000000 25376.000000
33201.000000 27906.000000
11640.000000 13242.000000
28993.000000 12749.000000
16815.000000 13337.000000
28087.000000 1707.000000
26406.000000 10578.000000
13321.000000 4491.000000
31
8195.000000 22494.000000
17250.000000 22935.000000
14921.000000 22392.000000
18806.000000 6581.000000
21721.000000 23990.000000
14722.000000 11048.000000
28598.000000 25736.000000
27780.000000 33301.000000
14854.000000 1836.000000
3879.000000 8463.000000
9190.000000 13492.000000
32577.000000 19100.000000
16817.000000 17299.000000
19496.000000 24065.000000
9123.000000 22990.000000
5162.000000 12813.000000
35471.000000 30791.000000
31046.000000 8029.000000
16267.000000 6298.000000
2628.000000 26499.000000
3695.000000 28183.000000
29085.000000 25712.000000
19470.000000 31582.000000
33150.000000 7433.000000
5774.000000 1251.000000
22280.000000 31962.000000
20471.000000 20438.000000
14281.000000 5647.000000
30162.000000 10569.000000
28462.000000 1676.000000
1137.000000 19015.000000
55
26222.000000 17807.000000
32589.000000 30214.000000
7226.000000 10712.000000
24474.000000 14564.000000
30577.000000 26986.000000
16991.000000 19176.000000
24301.000000 16424.000000
28155.000000 28602.000000
29671.000000 9381.000000
8486.000000 4189.000000
4320.000000 22211.000000
6070.000000 31320.000000
24530.000000 26670.000000
12860.000000 17946.000000
10890.000000 24477.000000
1637.000000 12003.000000
31868.000000 29402.000000
28500.000000 10942.000000
26492.000000 16048.000000
13638.000000 22286.000000
3655.000000 10799.000000
25538.000000 8454.000000
23968.000000 13130.000000
26008.000000 30827.000000
11806.000000 28417.000000
2455.000000 28615.000000
20151.000000 4041.000000
31661.000000 10497.000000
6895.000000 26043.000000
33738.000000 5778.000000
10317.000000 6822.000000
11649.000000 28767.000000
32629.000000 18146.000000
7739.000000 9852.000000
3944.000000 22193.000000
24515.000000 30482.000000
20313.000000 14294.000000
16915.000000 33314.000000
27682.000000 21404.000000
30550.000000 28658.000000
6302.000000 1722.000000
21202.000000 14983.000000
9180.000000 2781.000000
10940.000000 25734.000000
15827.000000 6102.000000
23784.000000 23423.000000
27311.000000 3885.000000
24371.000000 28896.000000
30227.000000 7515.000000
26397.000000 15410.000000
2373.000000 567.000000
22335.000000 14665.000000
19716.000000 27655.000000
29334.000000 20382.000000
11841.000000 20592.000000
37
20927.000000 6326.000000
33103.000000 19279.000000
11276.000000 7468.000000
11074.000000 29827.000000
14151.000000 1270.000000
7167.000000 13987.000000
23040.000000 24352.000000
2192.000000 15174.000000
31610.000000 31749.000000
12188.000000 18592.000000
6241.000000 6427.000000
32657.000000 29836.000000
22408.000000 11190.000000
3658.000000 14490.000000
10822.000000 6462.000000
16187.000000 17959.000000
15940.000000 14241.000000
18105.000000 10983.000000
4667.000000 8810.000000
8602.000000 16868.000000
26564.000000 22558.000000
21167.000000 6692.000000
13611.000000 7094.000000
29093.000000 27578.000000
5947.000000 20461.000000
26750.000000 4889.000000
26110.000000 31168.000000
24467.000000 18490.000000
15828.000000 7097.000000
19576.000000 8740.000000
20056.000000 29252.000000
9168.000000 30569.000000
1636.000000 25502.000000
17741.000000 30287.000000
22354.000000 28079.000000
23563.000000 14036.000000
33770.000000 8804.000000
46
16021.000000 8508.000000
24338.000000 11325.000000
32309.000000 33115.000000
25499.000000 8226.000000
1019.000000 30379.000000
25713.000000 13981.000000
27011.000000 32313.000000
14295.000000 92.000000
16563.000000 8351.000000
2273.000000 2353.000000
17430.000000 2687.000000
21370.000000 10572.000000
4830.000000 31126.000000
6797.000000 17376.000000
27874.000000 24979.000000
22633.000000 17867.000000
22359.000000 3805.000000
13545.000000 24598.000000
22742.000000 23539.000000
3353.000000 16491.000000
4718.000000 32118.000000
22513.000000 25696.000000
1862.000000 20558.000000
14748.000000 32595.000000
34603.000000 15998.000000
5820.000000 20951.000000
21326.000000 17140.000000
22072.000000 15616.000000
26078.000000 26407.000000
29835.000000 21403.000000
8814.000000 21318.000000
29720.000000 25912.000000
13527.000000 2502.000000
7937.000000 13446.000000
22750.000000 1016.000000
33571.000000 17529.000000
29516.000000 1622.000000
25208.000000 3743.000000
2076.000000 32560.000000
12049.000000 31118.000000
9475.000000 21177.000000
19693.000000 12361.000000
22437.000000 28500.000000
9533.000000 12653.000000
30002.000000 17145.000000
14758.000000 23620.000000
83
18089.000000 14573.000000
18301.000000 31386.000000
22646.000000 6532.000000
1770.000000 15214.000000
19417.000000 33046.000000
4577.000000 10802.000000
11270.000000 1113.000000
22441.000000 16710.000000
22542.000000 2705.000000
20837.000000 14768.000000
11258.000000 6884.000000
21485.000000 27665.000000
19659.000000 32347.000000
22008.000000 7938.000000
23860.000000 7623.000000
31772.000000 2333.000000
24797.000000 19716.000000
9424.000000 24944.000000
31942.000000 22087.000000
14908.000000 18606.000000
17217.000000 20939.000000
6992.000000 10274.000000
23819.000000 18913.000000
10182.000000 13218.000000
3963.000000 19564.000000
1615.000000 21735.000000
20055.000000 9110.000000
33289.000000 23278.000000
10934.000000 32788.000000
14689.000000 2673.000000
25813.000000 24390.000000
25678.000000 24019.000000
23299.000000 16857.000000
33583.000000 15042.000000
7019.000000 19391.000000
3510.000000 26574.000000
30186.000000 779.000000
14620.000000 16904.000000
30364.000000 8567.000000
24879.000000 23531.000000
12761.000000 26600.000000
32022.000000 26790.000000
4150.000000 3288.000000
25977.000000 23297.000000
24664.000000 18863.000000
6834.000000 32277.000000
32775.000000 17664.000000
26641.000000 16796.000000
7310.000000 22967.000000
10765.000000 25389.000000
11595.000000 6693.000000
32042.000000 22391.000000
1400.000000 11205.000000
1067.000000 8419.000000
14198.000000 31703.000000
17797.000000 18769.000000
9885.000000 14358.000000
5236.000000 27215.000000
27265.000000 7182.000000
4441.000000 16282.000000
18817.000000 33439.000000
10777.000000 16339.000000
7178.000000 25820.000000
24654.000000 26832.000000
9273.000000 4280.000000
6925.000000 27899.000000
28963.000000 11271.000000
16023.000000 6251.000000
22880.000000 5238.000000
20377.000000 10114.000000
6273.000000 6199.000000
17657.000000 17621.000000
12881.000000 26234.000000
31895.000000 3384.000000
19069.000000 22700.000000
18249.000000 9825.000000
22859.000000 8396.000000
23960.000000 21379.000000
21684.000000 6901.000000
27582.000000 15737.000000
16945.000000 10532.000000
7587.000000 11399.000000
18580.000000 10721.000000
15
25225.000000 7364.000000
29922.000000 4271.000000
28388.000000 10407.000000
14623.000000 2141.000000
9175.000000 18302.000000
11908.000000 6405.000000
16257.000000 13123.000000
23167.000000 19663.000000
34582.000000 628.000000
33223.000000 16498.000000
14894.000000 9267.000000
35375.000000 14091.000000
13455.000000 27322.000000
11753.000000 31305.000000
1122.000000 1918.000000
37
32070.000000 21345.000000
13857.000000 30214.000000
14404.000000 27807.000000
31811.000000 10135.000000
12749.000000 17370.000000
25185.000000 16759.000000
4626.000000 19218.000000
21893.000000 1407.000000
18655.000000 22119.000000
15348.000000 4333.000000
2827.000000 7312.000000
15946.000000 4475.000000
26424.000000 30543.000000
25089.000000 13911.000000
17222.000000 4431.000000
24108.000000 31204.000000
20001.000000 20447.000000
19787.000000 15356.000000
20142.000000 9728.000000
21370.000000 10382.000000
26382.000000 32286.000000
20542.000000 29427.000000
1649.000000 18153.000000
7165.000000 22898.000000
20292.000000 33342.000000
23735.000000 33173.000000
29117.000000 23097.000000
26210.000000 7361.000000
28450.000000 25010.000000
18905.000000 28111.000000
32755.000000 19030.000000
13612.000000 31236.000000
31261.000000 14788.000000
6623.000000 14329.000000
26036.000000 8375.000000
24236.000000 28161.000000
13459.000000 16807.000000
43
25388.000000 9905.000000
1553.000000 17691.000000
31806.000000 31521.000000
6859.000000 22508.000000
32328.000000 30166.000000
13540.000000 32424.000000
20115.000000 12913.000000
25022.000000 748.000000
7856.000000 1834.000000
29861.000000 1777.000000
7382.000000 8021.000000
24552.000000 9009.000000
30131.000000 10363.000000
30382.000000 10009.000000
13143.000000 10958.000000
8986.000000 30901.000000
13148.000000 21289.000000
22198.000000 23977.000000
19369.000000 22502.000000
10577.000000 30664.000000
31434.000000 30861.000000
30699.000000 16277.000000
21115.000000 946.000000
6887.000000 5501.000000
13226.000000 25346.000000
22113.000000 21796.000000
8637.000000 21174.000000
4197.000000 3011.000000
5591.000000 32289.000000
16709.000000 17738.000000
3148.000000 26795.000000
25594.000000 13905.000000
22502.000000 9004.000000
17302.000000 18227.000000
32978.000000 17763.000000
9680.000000 23270.000000
29944.000000 25963.000000
21163.000000 27276.000000
17405.000000 5451.000000
13147.000000 31177.000000
32301.000000 30551.000000
31948.000000 22391.000000
7940.000000 29038.000000
49
26224.000000 7762.000000
28109.000000 9274.000000
17565.000000 3759.000000
17145.000000 20137.000000
19798.000000 19976.000000
21983.000000 29532.000000
25374.000000 2005.000000
7886.000000 32456.000000
4788.000000 15186.000000
8695.000000 7611.000000
7956.000000 14142.000000
30102.000000 13311.000000
18343.000000 31453.000000
15493.000000 5921.000000
30505.000000 20138.000000
5405.000000 6592.000000
11458.000000 16950.000000
28896.000000 29621.000000
8012.000000 28199.000000
18735.000000 20873.000000
30684.000000 31323.000000
6613.000000 29258.000000
15072.000000 7639.000000
32384.000000 25707.000000
15567.000000 14732.000000
8613.000000 8057.000000
23741.000000 28944.000000
14093.000000 29319.000000
13121.000000 28328.000000
6474.000000 17166.000000
16734.000000 3210.000000
2581.000000 8317.000000
25917.000000 22230.000000
20417.000000 5027.000000
5300.000000 14582.000000
30100.000000 20259.000000
21003.000000 9412.000000
18014.000000 12398.000000
20280.000000 27984.000000
9233.000000 1238.000000
22266.000000 32401.000000
27401.000000 13271.000000
31682.000000 26001.000000
9932.000000 7408.000000
24033.000000 7367.000000
33001.000000 22160.000000
11237.000000 14698.000000
3332.000000 15740.000000
20866.000000 20623.000000
25
20706.000000 30781.000000
33717.000000 10593.000000
9388.000000 15463.000000
27663.000000 16834.000000
16959.000000 21634.000000
31319.000000 27962.000000
2941.000000 7257.000000
28354.000000 3193.000000
3381.000000 9446.000000
28555.000000 25241.000000
12904.000000 24797.000000
4985.000000 27126.000000
21668.000000 1249.000000
21799.000000 3628.000000
19557.000000 19680.000000
7571.000000 16097.000000
15260.000000 31017.000000
5237.000000 7519.000000
16632.000000 13522.000000
16915.000000 15554.000000
25946.000000 14328.000000
18526.000000 2416.000000
2376.000000 18155.000000
25041.000000 5533.000000
9175.000000 31124.000000
77
18685.000000 8793.000000
25775.000000 5592.000000
10329.000000 7835.000000
26265.000000 11658.000000
24381.000000 14107.000000
7556.000000 1162.000000
14865.000000 4163.000000
24777.000000 15216.000000
25396.000000 11958.000000
5237.000000 27069.000000
20222.000000 18240.000000
18847.000000 31014.000000
31027.000000 15946.000000
24267.000000 21891.000000
14778.000000 32765.000000
8264.000000 30080.000000
33304.000000 13672.000000
26759.000000 7997.000000
3898.000000 9450.000000
10552.000000 3548.000000
18903.000000 5310.000000
26815.000000 26545.000000
21851.000000 20626.000000
31184.000000 30839.000000
19794.000000 7313.000000
13079.000000 14337.000000
24571.000000 25676.000000
12929.000000 19105.000000
14923.000000 20169.000000
14272.000000 3067.000000
8813.000000 5812.000000
29496.000000 8178.000000
34488.000000 6737.000000
15778.000000 21547.000000
27046.000000 32250.000000
17419.000000 7261.000000
28863.000000 20668.000000
31142.000000 7446.000000
20634.000000 14106.000000
32251.000000 28225.000000
8601.000000 17738.000000
24619.000000 6537.000000
31343.000000 20268.000000
34081.000000 33284.000000
14651.000000 22317.000000
30328.000000 7276.000000
22597.000000 29403.000000
730.000000 27491.000000
20053.000000 31713.000000
15220.000000 19546.000000
7583.000000 30904.000000
2226.000000 5347.000000
7387.000000 26217.000000
25054.000000 4371.000000
22433.000000 24367.000000
28029.000000 14762.000000
31335.000000 30937.000000
5647.000000 16081.000000
4089.000000 30680.000000
34687.000000 32849.000000
25044.000000 26475.000000
23330.000000 7289.000000
13725.000000 24911.000000
5422.000000 2391.000000
11639.000000 17111.000000
32582.000000 24976.000000
19283.000000 7652.000000
30558.000000 32152.000000
29741.000000 1733.000000
4125.000000 27092.000000
29527.000000 10835.000000
12604.000000 9470.000000
17293.000000 13472.000000
2382.000000 10986.000000
31481.000000 3128.000000
26709.000000 25718.000000
32001.000000 21935.000000
3
11161.000000 12742.000000
5151.000000 15627.000000
17681.000000 17440.000000
61
5164.000000 20132.000000
12404.000000 28308.000000
15890.000000 18027.000000
7228.000000 17752.000000
12799.000000 10115.000000
7674.000000 24836.000000
14826.000000 17514.000000
18030.000000 4481.000000
19831.000000 16025.000000
7041.000000 16853.000000
33002.000000 865.000000
6303.000000 26498.000000
17785.000000 4347.000000
15028.000000 10682.000000
4715.000000 4174.000000
18018.000000 29130.000000
18523.000000 21457.000000
6601.000000 13135.000000
26099.000000 32175.000000
29374.000000 8662.000000
3609.000000 7063.000000
16536.000000 5615.000000
27446.000000 33413.000000
30207.000000 23442.000000
13671.000000 27282.000000
32177.000000 14404.000000
29396.000000 1174.000000
15055.000000 26335.000000
29250.000000 11961.000000
14293.000000 13952.000000
5901.000000 8916.000000
33797.000000 7956.000000
6540.000000 24756.000000
10276.000000 33103.000000
27216.000000 22624.000000
15901.000000 24676.000000
8466.000000 4680.000000
20085.000000 21381.000000
21586.000000 30315.000000
14691.000000 15232.000000
17009.000000 33011.000000
5186.000000 26049.000000
25474.000000 16131.000000
10739.000000 27458.000000
1724.000000 6135.000000
16647.000000 25615.000000
7806.000000 28516.000000
25069.000000 28546.000000
23999.000000 3926.000000
16400.000000 137.000000
21895.000000 24313.000000
32763.000000 5998.000000
4702.000000 30241.000000
26188.000000 5734.000000
20748.000000 29951.000000
25518.000000 7260.000000
28029.000000 15565.000000
20324.000000 5996.000000
29844.000000 22536.000000
5689.000000 10234.000000
22759.000000 22602.000000
94
29002.000000 13768.000000
22715.000000 8461.000000
5896.000000 29271.000000
21325.000000 29528.000000
10116.000000 23191.000000
14350.000000 20463.000000
3279.000000 26474.000000
3073.000000 4099.000000
24407.000000 24317.000000
6102.000000 18923.000000
13899.000000 2742.000000
21842.000000 24791.000000
30707.000000 28439.000000
2901.000000 26908.000000
7787.000000 9931.000000
21139.000000 28055.000000
25879.000000 15260.000000
3758.000000 31008.000000
30234.000000 9899.000000
29420.000000 25647.000000
12044.000000 20104.000000
31567.000000 7234.000000
17104.000000 4012.000000
23054.000000 30109.000000
11478.000000 27681.000000
19900.000000 7167.000000
15272.000000 12517.000000
18674.000000 5615.000000
15969.000000 19125.000000
30468.000000 13675.000000
15806.000000 2140.000000
19554.000000 20712.000000
13628.000000 32772.000000
2894.000000 22827.000000
19500.000000 778.000000
6670.000000 8904.000000
9743.000000 10367.000000
19833.000000 7430.000000
13045.000000 21916.000000
28075.000000 15465.000000
14859.000000 25903.000000
23982.000000 27490.000000
10736.000000 20760.000000
11218.000000 25680.000000
23929.000000 761.000000
2762.000000 26730.000000
6803.000000 8929.000000
28074.000000 11872.000000
13336.000000 28738.000000
3227.000000 13870.000000
2229.000000 14815.000000
12144.000000 23783.000000
30257.000000 25647.000000
33744.000000 18765.000000
31552.000000 32313.000000
8688.000000 11527.000000
31803.000000 21585.000000
13365.000000 16825.000000
31802.000000 15012.000000
28749.000000 11086.000000
25031.000000 12416.000000
16086.000000 8819.000000
18247.000000 22593.000000
13418.000000 29636.000000
4382.000000 14214.000000
5735.000000 14005.000000
21846.000000 15235.000000
12561.000000 4842.000000
20197.000000 15167.000000
11722.000000 26267.000000
14767.000000 2128.000000
3105.000000 19967.000000
20840.000000 3584.000000
27752.000000 28378.000000
5718.000000 33548.000000
17136.000000 31687.000000
10572.000000 12824.000000
20773.000000 16848.000000
13134.000000 18514.000000
25718.000000 16488.000000
13809.000000 16114.000000
29269.000000 21474.000000
2623.000000 16004.000000
28261.000000 29333.000000
9587.000000 10597.000000
8361.000000 29761.000000
29948.000000 15622.000000
4858.000000 25552.000000
9011.000000 5159.000000
26419.000000 1198.000000
23575.000000 32197.000000
5656.000000 11467.000000
16529.000000 7228.000000
11845.000000 26335.000000
89
6143.000000 16859.000000
8014.000000 32122.000000
32396.000000 10516.000000
32509.000000 14540.000000
21590.000000 18017.000000
25326.000000 19403.000000
33031.000000 28485.000000
13846.000000 18289.000000
4668.000000 12238.000000
17343.000000 19992.000000
28002.000000 22652.000000
10585.000000 27296.000000
18251.000000 24762.000000
24467.000000 4849.000000
27982.000000 11925.000000
32156.000000 1896.000000
3678.000000 3554.000000
5042.000000 4938.000000
1054.000000 5329.000000
22307.000000 30872.000000
22055.000000 16449.000000
31958.000000 20864.000000
27612.000000 1473.000000
28910.000000 9601.000000
21889.000000 29699.000000
3699.000000 23394.000000
17373.000000 30309.000000
13313.000000 2078.000000
8897.000000 7861.000000
10752.000000 26919.000000
31088.000000 27866.000000
5233.000000 20528.000000
25145.000000 18975.000000
7920.000000 22340.000000
12453.000000 29164.000000
22337.000000 22767.000000
6061.000000 4660.000000
19876.000000 18815.000000
20450.000000 16531.000000
7674.000000 20539.000000
30670.000000 18471.000000
13058.000000 14693.000000
11900.000000 17370.000000
20337.000000 14519.000000
17739.000000 31935.000000
20796.000000 30807.000000
29123.000000 11680.000000
26931.000000 31830.000000
35586.000000 618.000000
3292.000000 21162.000000
18232.000000 227.000000
11793.000000 2902.000000
28019.000000 6294.000000
32321.000000 3468.000000
28719.000000 12472.000000
9762.000000 18857.000000
7968.000000 24925.000000
2273.000000 2602.000000
16842.000000 6686.000000
25749.000000 18104.000000
3861.000000 31838.000000
5494.000000 15184.000000
12449.000000 7888.000000
7929.000000 14123.000000
11963.000000 6479.000000
25460.000000 21742.000000
32589.000000 17472.000000
20511.000000 32576.000000
23187.000000 597.000000
20190.000000 15777.000000
10015.000000 9506.000000
23302.000000 21987.000000
8197.000000 12981.000000
17563.000000 14861.000000
10648.000000 5251.000000
26615.000000 19164.000000
9760.000000 25924.000000
25960.000000 27343.000000
13137.000000 13442.000000
4873.000000 22892.000000
17624.000000 5763.000000
25319.000000 25395.000000
7161.000000 29759.000000
30663.000000 27219.000000
4269.000000 12270.000000
26720.000000 12128.000000
11303.000000 9869.000000
15576.000000 30448.000000
2359.000000 31121.000000
88
16519.000000 8956.000000
17809.000000 10228.000000
25848.000000 7438.000000
10962.000000 28273.000000
32703.000000 31273.000000
3164.000000 26411.000000
5895.000000 898.000000
15361.000000 6851.000000
30528.000000 23264.000000
30489.000000 22908.000000
18028.000000 26807.000000
11831.000000 10318.000000
26838.000000 33295.000000
10706.000000 32394.000000
5207.000000 28517.000000
29915.000000 20440.000000
22518.000000 13206.000000
15268.000000 17840.000000
32941.000000 13259.000000
7974.000000 3982.000000
29295.000000 5931.000000
28922.000000 13621.000000
21192.000000 7217.000000
4686.000000 964.000000
7183.000000 32926.000000
12250.000000 27746.000000
18435.000000 5315.000000
26276.000000 11035.000000
34285.000000 14359.000000
11903.000000 19129.000000
28883.000000 30945.000000
23530.000000 18308.000000
11873.000000 21217.000000
23560.000000 21793.000000
30351.000000 23390.000000
22874.000000 5633.000000
30804.000000 4176.000000
6828.000000 33349.000000
4059.000000 18048.000000
7210.000000 13263.000000
28938.000000 3419.000000
10359.000000 728.000000
3134.000000 9550.000000
11248.000000 26278.000000
32428.000000 9641.000000
22896.000000 7808.000000
30484.000000 32613.000000
32136.000000 24795.000000
12743.000000 17422.000000
26902.000000 32816.000000
9005.000000 21999.000000
32436.000000 13036.000000
14749.000000 13082.000000
25366.000000 30259.000000
10955.000000 25491.000000
2685.000000 28314.000000
7770.000000 24880.000000
20949.000000 23405.000000
34541.000000 2538.000000
15018.000000 7316.000000
4745.000000 15729.000000
10032.000000 21312.000000
9872.000000 30904.000000
11654.000000 31866.000000
14560.000000 1054.000000
30370.000000 10898.000000
4508.000000 11223.000000
19392.000000 19740.000000
33119.000000 3872.000000
27051.000000 3979.000000
14930.000000 2613.000000
12570.000000 11654.000000
34400.000000 7750.000000
25265.000000 32510.000000
23150.000000 25530.000000
29250.000000 25919.000000
12162.000000 12300.000000
23066.000000 31789.000000
14570.000000 9458.000000
25246.000000 12458.000000
15697.000000 22080.000000
24141.000000 30189.000000
4805.000000 10117.000000
26051.000000 5555.000000
27687.000000 30214.000000
2063.000000 32356.000000
12868.000000 4935.000000
19596.000000 12330.000000
44
7257.000000 10066.000000
22807.000000 24195.000000
3628.000000 29233.000000
20742.000000 22221.000000
4156.000000 25826.000000
17648.000000 27919.000000
28485.000000 28746.000000
15852.000000 6327.000000
4673.000000 1855.000000
22581.000000 27940.000000
13554.000000 24702.000000
33671.000000 14746.000000
23709.000000 33014.000000
11323.000000 1562.000000
16675.000000 7885.000000
31649.000000 27932.000000
10863.000000 28083.000000
27089.000000 8363.000000
13997.000000 32199.000000
5454.000000 29071.000000
11288.000000 14716.000000
18743.000000 30057.000000
22122.000000 27041.000000
881.000000 7784.000000
16753.000000 14185.000000
22515.000000 5904.000000
29584.000000 28262.000000
6615.000000 28303.000000
10322.000000 4911.000000
21993.000000 4473.000000
5784.000000 19084.000000
1890.000000 5912.000000
8062.000000 32923.000000
19616.000000 25458.000000
23132.000000 393.000000
22031.000000 4492.000000
26266.000000 15779.000000
21777.000000 9709.000000
27663.000000 28266.000000
30352.000000 11917.000000
15933.000000 7355.000000
20957.000000 3611.000000
32674.000000 18945.000000
22430.000000 11387.000000
28
26739.000000 19625.000000
14409.000000 11919.000000
17345.000000 29402.000000
28293.000000 10637.000000
2046.000000 21339.000000
4263.000000 24592.000000
7708.000000 11700.000000
24777.000000 22642.000000
14052.000000 26924.000000
8452.000000 14042.000000
21884.000000 10670.000000
12152.000000 31318.000000
14095.000000 26273.000000
17706.000000 1625.000000
6023.000000 11578.000000
19521.000000 29810.000000
12398.000000 24735.000000
4927.000000 20316.000000
23243.000000 30736.000000
23908.000000 33183.000000
3587.000000 33062.000000
14557.000000 6365.000000
33196.000000 28286.000000
33661.000000 32454.000000
5423.000000 18270.000000
4700.000000 15458.000000
32065.000000 1762.000000
25893.000000 21530.000000
9
17780.000000 23292.000000
26448.000000 15190.000000
18473.000000 7329.000000
27492.000000 2521.000000
4762.000000 15406.000000
18187.000000 31563.000000
10705.000000 5681.000000
21381.000000 20232.000000
3092.000000 1990.000000
54
4445.000000 6401.000000
22728.000000 12405.000000
17417.000000 14192.000000
11783.000000 12360.000000
27246.000000 27922.000000
19173.000000 8351.000000
9345.000000 1577.000000
16634.000000 25423.000000
4126.000000 18685.000000
22145.000000 25413.000000
17681.000000 13451.000000
19967.000000 28438.000000
23729.000000 29380.000000
8773.000000 6566.000000
1324.000000 15446.000000
11042.000000 13758.000000
14257.000000 20249.000000
7997.000000 21417.000000
22363.000000 4036.000000
5600.000000 25060.000000
11570.000000 7484.000000
8212.000000 20455.000000
7766.000000 31378.000000
27993.000000 17282.000000
10243.000000 21470.000000
28767.000000 23723.000000
11524.000000 21921.000000
3944.000000 6208.000000
20166.000000 30153.000000
21661.000000 9309.000000
18040.000000 28731.000000
13754.000000 24585.000000
12920.000000 18847.000000
14528.000000 28025.000000
13631.000000 20501.000000
12283.000000 11674.000000
23064.000000 18244.000000
9355.000000 32705.000000
25242.000000 2584.000000
13643.000000 28351.000000
17058.000000 21436.000000
27166.000000 27768.000000
28109.000000 3776.000000
19708.000000 16637.000000
3489.000000 8757.000000
33552.000000 22186.000000
8313.000000 31394.000000
29041.000000 17966.000000
30087.000000 28644.000000
19096.000000 19438.000000
1507.000000 26351.000000
4139.000000 28912.000000
22864.000000 24817.000000
5334.000000 5354.000000
94
19770.000000 15442.000000
6694.000000 15547.000000
17407.000000 6646.000000
7380.000000 17303.000000
19722.000000 32327.000000
9032.000000 14483.000000
6202.000000 16860.000000
20177.000000 24270.000000
34917.000000 20351.000000
21847.000000 13860.000000
22176.000000 6067.000000
4912.000000 32302.000000
13697.000000 32275.000000
7409.000000 22608.000000
26821.000000 27072.000000
5895.000000 24411.000000
32729.000000 16169.000000
9393.000000 5094.000000
16117.000000 11874.000000
31171.000000 27570.000000
16989.000000 12557.000000
24794.000000 25393.000000
8619.000000 2625.000000
34655.000000 15989.000000
25735.000000 27033.000000
941.000000 11057.000000
18647.000000 29542.000000
26348.000000 13122.000000
17176.000000 3321.000000
17211.000000 27403.000000
32451.000000 7852.000000
15742.000000 2345.000000
24225.000000 23569.000000
10972.000000 15903.000000
11196.000000 12088.000000
11816.000000 25795.000000
17474.000000 16088.000000
21853.000000 29371.000000
25012.000000 16585.000000
23033.000000 22104.000000
15407.000000 22249.000000
4071.000000 3121.000000
20631.000000 27088.000000
3730.000000 2406.000000
21846.000000 6749.000000
11126.000000 28200.000000
6091.000000 21020.000000
11990.000000 10693.000000
22976.000000 19860.000000
11105.000000 17907.000000
6043.000000 19897.000000
33889.000000 7013.000000
5211.000000 11927.000000
29672.000000 18019.000000
11115.000000 23259.000000
31163.000000 30784.000000
8818.000000 28384.000000
10061.000000 4378.000000
4719.000000 17659.000000
27591.000000 5765.000000
14723.000000 17907.000000
24575.000000 24004.000000
10718.000000 7836.000000
10694.000000 11196.000000
7058.000000 5233.000000
6487.000000 32834.000000
21927.000000 26771.000000
30038.000000 21230.000000
5939.000000 21935.000000
24095.000000 32618.000000
12030.000000 3017.000000
9563.000000 9052.000000
22774.000000 20261.000000
18585.000000 9075.000000
33886.000000 1179.000000
9725.000000 12949.000000
6651.000000 2632.000000
12549.000000 31781.000000
28878.000000 21607.000000
4083.000000 13160.000000
34980.000000 26388.000000
32538.000000 30616.000000
26500.000000 8324.000000
19301.000000 31768.000000
9651.000000 16175.000000
34582.000000 292.000000
19240.000000 18676.000000
30892.000000 8498.000000
26413.000000 21324.000000
17399.000000 30479.000000
22162.000000 28313.000000
7898.000000 30622.000000
17412.000000 1809.000000
13448.000000 17766.000000
68
21103.000000 22230.000000
9515.000000 7074.000000
29097.000000 17504.000000
25814.000000 6273.000000
12363.000000 29896.000000
18618.000000 21281.000000
12701.000000 22117.000000
34723.000000 13903.000000
7728.000000 4434.000000
18987.000000 30854.000000
26774.000000 27849.000000
33014.000000 20150.000000
31451.000000 18199.000000
29956.000000 5301.000000
10695.000000 5047.000000
28501.000000 12690.000000
19212.000000 30834.000000
9832.000000 25906.000000
4425.000000 22490.000000
17126.000000 10368.000000
32592.000000 8183.000000
28683.000000 14591.000000
2546.000000 31216.000000
12750.000000 6653.000000
17788.000000 9497.000000
32997.000000 14569.000000
19794.000000 20447.000000
26304.000000 32531.000000
23073.000000 6152.000000
24418.000000 12230.000000
25521.000000 1191.000000
18125.000000 5876.000000
34951.000000 5853.000000
29958.000000 28569.000000
21151.000000 31097.000000
32001.000000 19496.000000
4972.000000 6650.000000
33481.000000 2392.000000
4431.000000 2504.000000
1552.000000 28772.000000
28467.000000 13324.000000
17407.000000 12816.000000
8154.000000 23514.000000
12367.000000 9690.000000
22818.000000 31573.000000
4421.000000 32456.000000
13777.000000 16847.000000
24968.000000 4825.000000
10465.000000 16744.000000
9804.000000 16741.000000
31846.000000 27954.000000
14816.000000 20271.000000
14638.000000 29748.000000
14626.000000 24942.000000
6671.000000 22612.000000
11042.000000 5036.000000
2759.000000 25125.000000
25328.000000 4017.000000
24856.000000 32255.000000
13032.000000 11179.000000
26451.000000 8009.000000
17116.000000 13222.000000
32295.000000 19202.000000
29157.000000 10420.000000
15991.000000 12466.000000
11413.000000 10066.000000
3973.000000 17780.000000
23149.000000 17277.000000
5
10142.000000 14623.000000
5951.000000 22728.000000
8589.000000 397.000000
18949.000000 8847.000000
3728.000000 16853.000000
99
16657.000000 6826.000000
26601.000000 24680.000000
17892.000000 7480.000000
32379.000000 2315.000000
18416.000000 33022.000000
23521.000000 11933.000000
7248.000000 31881.000000
28710.000000 2972.000000
8162.000000 20283.000000
19632.000000 1013.000000
30992.000000 506.000000
21670.000000 24719.000000
14009.000000 16034.000000
27975.000000 5420.000000
4617.000000 9565.000000
29722.000000 15878.000000
24271.000000 15571.000000
28497.000000 1716.000000
25752.000000 29936.000000
15898.000000 15472.000000
29170.000000 11203.000000
24653.000000 23074.000000
22644.000000 23969.000000
15883.000000 12108.000000
32756.000000 14989.000000
1699.000000 9701.000000
34179.000000 974.000000
15885.000000 30122.000000
11194.000000 14864.000000
10097.000000 32410.000000
25191.000000 6125.000000
21150.000000 14902.000000
20009.000000 25908.000000
19557.000000 10914.000000
11571.000000 4722.000000
23194.000000 24723.000000
12378.000000 11595.000000
11377.000000 3985.000000
12613.000000 5322.000000
5758.000000 13544.000000
14871.000000 5884.000000
20149.000000 24997.000000
12277.000000 14826.000000
22262.000000 22846.000000
32146.000000 32351.000000
5668.000000 5466.000000
30694.000000 22089.000000
23030.000000 33126.000000
20118.000000 29671.000000
28686.000000 4865.000000
5001.000000 23822.000000
34019.000000 17275.000000
11089.000000 30788.000000
9618.000000 8203.000000
6807.000000 8203.000000
19794.000000 30956.000000
9479.000000 24966.000000
5586.000000 5832.000000
33664.000000 10376.000000
29494.000000 32378.000000
763.000000 6945.000000
19763.000000 18292.000000
32906.000000 31582.000000
30011.000000 2266.000000
11051.000000 1780.000000
31168.000000 17549.000000
17819.000000 33353.000000
13230.000000 30018.000000
26657.000000 14633.000000
3597.000000 9987.000000
22959.000000 14140.000000
22848.000000 5574.000000
17929.000000 22845.000000
16700.000000 28471.000000
20748.000000 6675.000000
8393.000000 3645.000000
25637.000000 25085.000000
12769.000000 20833.000000
22748.000000 25645.000000
15884.000000 4134.000000
6075.000000 1717.000000
26118.000000 32211.000000
14135.000000 25940.000000
6118.000000 15278.000000
6810.000000 26313.000000
25198.000000 29049.000000
28161.000000 21572.000000
33400.000000 27664.000000
26674.000000 866.000000
19841.000000 20133.000000
12112.000000 6920.000000
13186.000000 30616.000000
24707.000000 26281.000000
19550.000000 10607.000000
6039.000000 9059.000000
11048.000000 6384.000000
33349.000000 3347.000000
18610.000000 19411.000000
5727.000000 13236.000000
0
32
13150.000000 11658.000000
13000.000000 24531.000000
9663.000000 3352.000000
14922.000000 16198.000000
5218.000000 32852.000000
8613.000000 1962.000000
26099.000000 25241.000000
29281.000000 17084.000000
26260.000000 7452.000000
29615.000000 1769.000000
34505.000000 8170.000000
7596.000000 15782.000000
24624.000000 1594.000000
33026.000000 7553.000000
29802.000000 18734.000000
23832.000000 1306.000000
6797.000000 26704.000000
4954.000000 33169.000000
33764.000000 16760.000000
18693.000000 27541.000000
28461.000000 26287.000000
14219.000000 629.000000
32466.000000 2759.000000
11128.000000 8699.000000
18745.000000 29722.000000
9791.000000 31323.000000
20967.000000 4720.000000
23853.000000 30624.000000
21508.000000 4808.000000
32282.000000 3647.000000
30117.000000 3586.000000
32716.000000 15176.000000
68
5125.000000 10243.000000
6227.000000 1012.000000
31955.000000 1238.000000
20804.000000 19632.000000
12352.000000 7086.000000
15960.000000 26081.000000
24924.000000 19018.000000
30863.000000 19956.000000
12269.000000 960.000000
14148.000000 1956.000000
21608.000000 4878.000000
15392.000000 6498.000000
25403.000000 25540.000000
34038.000000 25991.000000
21986.000000 30233.000000
11289.000000 23374.000000
34907.000000 13316.000000
6708.000000 25512.000000
25895.000000 4792.000000
11378.000000 12062.000000
7406.000000 1186.000000
11299.000000 20493.000000
12180.000000 11115.000000
6103.000000 9592.000000
3225.000000 966.000000
6908.000000 2527.000000
4233.000000 10228.000000
7371.000000 25404.000000
12544.000000 5208.000000
26225.000000 32594.000000
1471.000000 8105.000000
3860.000000 11226.000000
3060.000000 21549.000000
29556.000000 17511.000000
195.000000 1233.000000
14641.000000 26491.000000
3401.000000 16166.000000
26968.000000 9588.000000
20398.000000 4620.000000
5775.000000 17954.000000
22688.000000 8373.000000
33602.000000 11617.000000
4479.000000 30130.000000
24352.000000 15768.000000
23734.000000 17246.000000
16050.000000 17557.000000
31730.000000 21469.000000
28704.000000 9280.000000
15383.000000 27270.000000
20451.000000 14127.000000
23420.000000 23849.000000
4578.000000 14159.000000
28681.000000 30085.000000
32481.000000 16215.000000
31749.000000 20665.000000
27690.000000 14781.000000
24532.000000 21853.000000
13100.000000 9268.000000
31329.000000 9080.000000
7547.000000 32414.000000
27744.000000 15405.000000
5796.000000 15357.000000
8546.000000 33322.000000
15120.000000 26380.000000
28729.000000 3780.000000
5506.000000 2802.000000
6246.000000 22422.000000
29638.000000 3461.000000
25
1070.000000 29833.000000
27276.000000 31483.000000
12183.000000 12306.000000
24251.000000 21788.000000
22743.000000 8353.000000
20953.000000 9038.000000
15638.000000 5943.000000
20008.000000 8996.000000
16330.000000 15581.000000
7638.000000 8064.000000
2453.000000 4436.000000
13705.000000 27151.000000
13015.000000 31807.000000
7912.000000 30683.000000
22263.000000 23645.000000
13471.000000 2100.000000
33975.000000 22182.000000
12242.000000 20937.000000
5970.000000 28092.000000
25625.000000 24378.000000
21861.000000 28154.000000
22686.000000 19643.000000
15967.000000 13932.000000
21898.000000 13603.000000
28478.000000 16838.000000
84
28625.000000 6007.000000
19695.000000 29977.000000
13132.000000 3519.000000
11037.000000 26191.000000
18250.000000 13180.000000
6451.000000 5007.000000
29291.000000 11767.000000
27575.000000 4851.000000
10404.000000 24301.000000
5297.000000 12695.000000
34252.000000 1159.000000
6246.000000 23770.000000
30381.000000 17038.000000
33298.000000 11949.000000
16188.000000 25447.000000
1840.000000 3192.000000
26998.000000 32305.000000
4980.000000 13170.000000
16378.000000 25898.000000
6821.000000 1262.000000
6651.000000 19410.000000
6389.000000 13240.000000
10057.000000 31609.000000
13892.000000 14771.000000
6501.000000 33193.000000
26988.000000 3447.000000
31524.000000 32125.000000
30875.000000 18806.000000
31918.000000 6232.000000
31153.000000 1734.000000
28175.000000 17084.000000
3274.000000 5323.000000
2864.000000 24201.000000
8815.000000 29961.000000
12436.000000 8452.000000
31726.000000 17499.000000
30925.000000 23031.000000
20138.000000 16137.000000
14087.000000 804.000000
5601.000000 22370.000000
23121.000000 1900.000000
28709.000000 26437.000000
8783.000000 964.000000
5147.000000 17052.000000
33418.000000 16366.000000
17708.000000 9930.000000
28262.000000 28528.000000
3608.000000 27158.000000
3558.000000 24565.000000
7783.000000 32706.000000
29278.000000 23378.000000
13187.000000 19600.000000
31165.000000 24100.000000
12371.000000 17325.000000
24671.000000 13222.000000
10569.000000 28895.000000
24191.000000 17684.000000
31734.000000 8655.000000
2942.000000 18984.000000
26295.000000 5483.000000
10721.000000 20014.000000
32108.000000 17964.000000
8674.000000 27861.000000
22624.000000 12869.000000
28754.000000 31869.000000
32096.000000 22388.000000
8490.000000 27661.000000
18646.000000 2998.000000
30878.000000 4706.000000
4360.000000 5630.000000
7226.000000 12631.000000
27725.000000 15509.000000
15344.000000 17711.000000
6690.000000 26133.000000
27078.000000 19917.000000
9840.000000 19702.000000
26061.000000 10890.000000
33068.000000 22064.000000
6322.000000 1135.000000
26483.000000 17609.000000
33445.000000 23444.000000
31531.000000 16905.000000
13794.000000 27966.000000
11287.000000 11750.000000
30
18179.000000 21557.000000
31227.000000 19861.000000
12689.000000 25995.000000
16986.000000 5168.000000
8588.000000 29733.000000
6404.000000 12136.000000
31256.000000 26156.000000
12050.000000 9718.000000
32720.000000 11327.000000
29974.000000 5968.000000
6065.000000 26048.000000
15591.000000 11624.000000
31319.000000 6079.000000
32355.000000 32757.000000
29429.000000 18698.000000
4222.000000 7926.000000
16664.000000 27294.000000
16250.000000 9069.000000
31360.000000 8489.000000
25354.000000 21155.000000
24911.000000 14806.000000
17921.000000 21515.000000
17878.000000 6399.000000
18458.000000 25871.000000
8856.000000 20483.000000
23783.000000 18621.000000
14410.000000 12569.000000
29549.000000 986.000000
19645.000000 30125.000000
24015.000000 29109.000000
65
22283.000000 27998.000000
5344.000000 1515.000000
13505.000000 12439.000000
33070.000000 32688.000000
22815.000000 21384.000000
30690.000000 25402.000000
24024.000000 2556.000000
32743.000000 27905.000000
10581.000000 3618.000000
4827.000000 6440.000000
3852.000000 27475.000000
32105.000000 3645.000000
34596.000000 16006.000000
4381.000000 5746.000000
17201.000000 11908.000000
19090.000000 9008.000000
14152.000000 16639.000000
27643.000000 26453.000000
14942.000000 30697.000000
23941.000000 4203.000000
9895.000000 17276.000000
30312.000000 22704.000000
4406.000000 17590.000000
20906.000000 32307.000000
18291.000000 22566.000000
23806.000000 29130.000000
22576.000000 32148.000000
23567.000000 25300.000000
22257.000000 32691.000000
27592.000000 6000.000000
7988.000000 243.000000
7384.000000 3315.000000
26916.000000 16410.000000
24506.000000 2529.000000
30112.000000 15838.000000
28851.000000 15978.000000
17884.000000 10951.000000
2462.000000 970.000000
9333.000000 12783.000000
5061.000000 11860.000000
14898.000000 30574.000000
2104.000000 19669.000000
5906.000000 2115.000000
14570.000000 10245.000000
30106.000000 2627.000000
6596.000000 13179.000000
29301.000000 11278.000000
8449.000000 4413.000000
14451.000000 2727.000000
19067.000000 13375.000000
11402.000000 18062.000000
3910.000000 32989.000000
27465.000000 30148.000000
3040.000000 32733.000000
9064.000000 25124.000000
30683.000000 16630.000000
28748.000000 8345.000000
10518.000000 3550.000000
7508.000000 28799.000000
29737.000000 30217.000000
6058.000000 24374.000000
33042.000000 9965.000000
27567.000000 22808.000000
32015.000000 5291.000000
19998.000000 30282.000000
44
13491.000000 15273.000000
12785.000000 22260.000000
30867.000000 2287.000000
13156.000000 30610.000000
10290.000000 16915.000000
5343.000000 31786.000000
23336.000000 13336.000000
20360.000000 28771.000000
32647.000000 14178.000000
20362.000000 26688.000000
2613.000000 6314.000000
13793.000000 30871.000000
4098.000000 2089.000000
30540.000000 12693.000000
24259.000000 10167.000000
31530.000000 9105.000000
23608.000000 7972.000000
11975.000000 4966.000000
25844.000000 18228.000000
30138.000000 2981.000000
25976.000000 23271.000000
761.000000 14901.000000
17593.000000 14105.000000
33636.000000 8856.000000
23127.000000 15702.000000
15537.000000 6249.000000
1960.000000 14499.000000
20283.000000 3724.000000
29638.000000 19635.000000
6846.000000 14037.000000
33203.000000 1022.000000
14932.000000 28190.000000
21039.000000 24571.000000
9059.000000 31993.000000
26735.000000 1060.000000
8599.000000 11533.000000
17211.000000 28528.000000
3348.000000 3563.000000
30205.000000 13252.000000
9101.000000 20636.000000
4946.000000 23765.000000
4068.000000 3189.000000
23909.000000 22820.000000
32119.000000 19508.000000
22
16594.000000 25740.000000
18614.000000 5768.000000
21581.000000 15794.000000
22725.000000 15983.000000
10755.000000 20379.000000
29743.000000 8364.000000
18719.000000 19684.000000
29423.000000 2679.000000
12744.000000 7522.000000
2689.000000 21420.000000
10519.000000 573.000000
11095.000000 7867.000000
7269.000000 3747.000000
3292.000000 1534.000000
24995.000000 1445.000000
20668.000000 216.000000
33631.000000 23345.000000
33588.000000 20216.000000
18158.000000 17279.000000
21935.000000 18643.000000
24870.000000 20714.000000
25834.000000 6498.000000
